# OpenSignals Text File Format. Version 1
# {"98:D3:51:FD:71:01": {"position": 0, "device": "bitalino_rev", "device name": "98:D3:51:FD:71:01", "device connection": "BTH98:D3:51:FD:71:01", "sampling rate": 1000, "resolution": [4, 1, 1, 1, 1, 10], "firmware version": 1282, "comments": "", "keywords": "", "mode": 0, "sync interval": 2, "date": "2025-9-17", "time": "12:8:26.682", "channels": [4], "sensor": ["EEGBITREV"], "label": ["A4"], "column": ["nSeq", "I1", "I2", "O1", "O2", "A4"], "special": [{}], "digital IO": [0, 0, 1, 1]}}
# EndOfHeader
0	0	0	0	0	0	
1	0	0	0	0	1018	
2	0	0	0	0	1018	
3	0	0	0	0	1018	
4	0	0	0	0	1018	
5	0	0	0	0	1018	
6	0	0	0	0	1018	
7	0	0	0	0	1018	
8	0	0	0	0	1018	
9	0	0	0	0	1019	
10	0	0	0	0	0	
11	0	0	0	0	0	
12	0	0	0	0	0	
13	0	0	0	0	0	
14	0	0	0	0	0	
15	0	0	0	0	0	
0	0	0	0	0	0	
1	0	0	0	0	0	
2	0	0	0	0	0	
3	0	0	0	0	1018	
4	0	0	0	0	1018	
5	0	0	0	0	1018	
6	0	0	0	0	1018	
7	0	0	0	0	1019	
8	0	0	0	0	1018	
9	0	0	0	0	1018	
10	0	0	0	0	1018	
11	0	0	0	0	0	
12	0	0	0	0	0	
13	0	0	0	0	0	
14	0	0	0	0	0	
15	0	0	0	0	0	
0	0	0	0	0	0	
1	0	0	0	0	0	
2	0	0	0	0	0	
3	0	0	0	0	997	
4	0	0	0	0	1018	
5	0	0	0	0	1018	
6	0	0	0	0	1018	
7	0	0	0	0	1018	
8	0	0	0	0	1018	
9	0	0	0	0	1018	
10	0	0	0	0	1019	
11	0	0	0	0	1018	
12	0	0	0	0	0	
13	0	0	0	0	0	
14	0	0	0	0	0	
15	0	0	0	0	0	
0	0	0	0	0	0	
1	0	0	0	0	0	
2	0	0	0	0	0	
3	0	0	0	0	0	
4	0	0	0	0	1018	
5	0	0	0	0	1018	
6	0	0	0	0	1019	
7	0	0	0	0	1018	
8	0	0	0	0	1018	
9	0	0	0	0	1018	
10	0	0	0	0	1018	
11	0	0	0	0	1019	
12	0	0	0	0	0	
13	0	0	0	0	0	
14	0	0	0	0	0	
15	0	0	0	0	1019	
0	0	0	0	0	1018	
1	0	0	0	0	1018	
2	0	0	0	0	1018	
3	0	0	0	0	1019	
4	0	0	0	0	1018	
5	0	0	0	0	1018	
6	0	0	0	0	1017	
7	0	0	0	0	0	
8	0	0	0	0	0	
9	0	0	0	0	0	
10	0	0	0	0	0	
11	0	0	0	0	0	
12	0	0	0	0	0	
13	0	0	0	0	0	
14	0	0	0	0	0	
15	0	0	0	0	0	
0	0	0	0	0	1018	
1	0	0	0	0	1018	
2	0	0	0	0	1018	
3	0	0	0	0	1019	
4	0	0	0	0	1018	
5	0	0	0	0	1018	
6	0	0	0	0	1018	
7	0	0	0	0	0	
8	0	0	0	0	0	
9	0	0	0	0	0	
10	0	0	0	0	0	
11	0	0	0	0	0	
12	0	0	0	0	0	
13	0	0	0	0	0	
14	0	0	0	0	0	
15	0	0	0	0	1018	
0	0	0	0	0	1018	
1	0	0	0	0	1018	
2	0	0	0	0	1019	
3	0	0	0	0	1019	
4	0	0	0	0	1018	
5	0	0	0	0	1018	
6	0	0	0	0	1018	
7	0	0	0	0	1018	
8	0	0	0	0	1018	
9	0	0	0	0	1018	
10	0	0	0	0	1018	
11	0	0	0	0	1018	
12	0	0	0	0	1019	
13	0	0	0	0	1019	
14	0	0	0	0	0	
15	0	0	0	0	0	
0	0	0	0	0	0	
1	0	0	0	0	1018	
2	0	0	0	0	1019	
3	0	0	0	0	1018	
4	0	0	0	0	1018	
5	0	0	0	0	1018	
6	0	0	0	0	1018	
7	0	0	0	0	1018	
8	0	0	0	0	1018	
9	0	0	0	0	1018	
10	0	0	0	0	1018	
11	0	0	0	0	1018	
12	0	0	0	0	1018	
13	0	0	0	0	1018	
14	0	0	0	0	1018	
15	0	0	0	0	0	
0	0	0	0	0	0	
1	0	0	0	0	0	
2	0	0	0	0	1018	
3	0	0	0	0	1018	
4	0	0	0	0	1018	
5	0	0	0	0	1018	
6	0	0	0	0	1018	
7	0	0	0	0	1018	
8	0	0	0	0	1018	
9	0	0	0	0	1018	
10	0	0	0	0	0	
11	0	0	0	0	0	
12	0	0	0	0	0	
13	0	0	0	0	0	
14	0	0	0	0	0	
15	0	0	0	0	0	
0	0	0	0	0	0	
1	0	0	0	0	0	
2	0	0	0	0	1018	
3	0	0	0	0	1018	
4	0	0	0	0	1018	
5	0	0	0	0	1018	
6	0	0	0	0	1018	
7	0	0	0	0	1018	
8	0	0	0	0	1018	
9	0	0	0	0	1018	
10	0	0	0	0	1019	
11	0	0	0	0	1018	
12	0	0	0	0	0	
13	0	0	0	0	0	
14	0	0	0	0	0	
15	0	0	0	0	1018	
0	0	0	0	0	0	
1	0	0	0	0	0	
2	0	0	0	0	0	
3	0	0	0	0	0	
4	0	0	0	0	669	
5	0	0	0	0	1018	
6	0	0	0	0	1018	
7	0	0	0	0	1018	
8	0	0	0	0	1018	
9	0	0	0	0	1018	
10	0	0	0	0	1018	
11	0	0	0	0	1018	
12	0	0	0	0	1018	
13	0	0	0	0	1018	
14	0	0	0	0	1018	
15	0	0	0	0	1018	
0	0	0	0	0	1018	
1	0	0	0	0	0	
2	0	0	0	0	0	
3	0	0	0	0	0	
4	0	0	0	0	0	
5	0	0	0	0	0	
6	0	0	0	0	0	
7	0	0	0	0	0	
8	0	0	0	0	0	
9	0	0	0	0	0	
10	0	0	0	0	0	
11	0	0	0	0	937	
12	0	0	0	0	1019	
13	0	0	0	0	1018	
14	0	0	0	0	1018	
15	0	0	0	0	1018	
0	0	0	0	0	1018	
1	0	0	0	0	1018	
2	0	0	0	0	0	
3	0	0	0	0	0	
4	0	0	0	0	0	
5	0	0	0	0	0	
6	0	0	0	0	0	
7	0	0	0	0	0	
8	0	0	0	0	0	
9	0	0	0	0	0	
10	0	0	0	0	0	
11	0	0	0	0	0	
12	0	0	0	0	1018	
13	0	0	0	0	1018	
14	0	0	0	0	1018	
15	0	0	0	0	1018	
0	0	0	0	0	1019	
1	0	0	0	0	1018	
2	0	0	0	0	1018	
3	0	0	0	0	0	
4	0	0	0	0	0	
5	0	0	0	0	0	
6	0	0	0	0	0	
7	0	0	0	0	0	
8	0	0	0	0	0	
9	0	0	0	0	0	
10	0	0	0	0	0	
11	0	0	0	0	0	
12	0	0	0	0	1018	
13	0	0	0	0	1018	
14	0	0	0	0	1018	
15	0	0	0	0	1018	
0	0	0	0	0	1018	
1	0	0	0	0	1018	
2	0	0	0	0	1018	
3	0	0	0	0	2	
4	0	0	0	0	0	
5	0	0	0	0	0	
6	0	0	0	0	0	
7	0	0	0	0	0	
8	0	0	0	0	0	
9	0	0	0	0	0	
10	0	0	0	0	0	
11	0	0	0	0	0	
12	0	0	0	0	1009	
13	0	0	0	0	1018	
14	0	0	0	0	1018	
15	0	0	0	0	1018	
0	0	0	0	0	1018	
1	0	0	0	0	1018	
2	0	0	0	0	1018	
3	0	0	0	0	1018	
4	0	0	0	0	0	
5	0	0	0	0	0	
6	0	0	0	0	0	
7	0	0	0	0	0	
8	0	0	0	0	0	
9	0	0	0	0	0	
10	0	0	0	0	0	
11	0	0	0	0	0	
12	0	0	0	0	0	
13	0	0	0	0	1018	
14	0	0	0	0	1019	
15	0	0	0	0	1018	
0	0	0	0	0	1018	
1	0	0	0	0	1018	
2	0	0	0	0	1019	
3	0	0	0	0	1018	
4	0	0	0	0	1018	
5	0	0	0	0	0	
6	0	0	0	0	0	
7	0	0	0	0	0	
8	0	0	0	0	0	
9	0	0	0	0	0	
10	0	0	0	0	0	
11	0	0	0	0	0	
12	0	0	0	0	0	
13	0	0	0	0	0	
14	0	0	0	0	1018	
15	0	0	0	0	1018	
0	0	0	0	0	1018	
1	0	0	0	0	1019	
2	0	0	0	0	1018	
3	0	0	0	0	1018	
4	0	0	0	0	1018	
5	0	0	0	0	1018	
6	0	0	0	0	0	
7	0	0	0	0	0	
8	0	0	0	0	0	
9	0	0	0	0	0	
10	0	0	0	0	0	
11	0	0	0	0	0	
12	0	0	0	0	0	
13	0	0	0	0	0	
14	0	0	0	0	0	
15	0	0	0	0	1018	
0	0	0	0	0	1019	
1	0	0	0	0	1018	
2	0	0	0	0	1018	
3	0	0	0	0	1018	
4	0	0	0	0	1018	
5	0	0	0	0	1018	
6	0	0	0	0	1018	
7	0	0	0	0	0	
8	0	0	0	0	0	
9	0	0	0	0	0	
10	0	0	0	0	0	
11	0	0	0	0	0	
12	0	0	0	0	0	
13	0	0	0	0	0	
14	0	0	0	0	0	
15	0	0	0	0	863	
0	0	0	0	0	1018	
1	0	0	0	0	1018	
2	0	0	0	0	1018	
3	0	0	0	0	1018	
4	0	0	0	0	1018	
5	0	0	0	0	1018	
6	0	0	0	0	1018	
7	0	0	0	0	0	
8	0	0	0	0	0	
9	0	0	0	0	0	
10	0	0	0	0	0	
11	0	0	0	0	0	
12	0	0	0	0	0	
13	0	0	0	0	0	
14	0	0	0	0	0	
15	0	0	0	0	0	
0	0	0	0	0	532	
1	0	0	0	0	1018	
2	0	0	0	0	1018	
3	0	0	0	0	1018	
4	0	0	0	0	1018	
5	0	0	0	0	1018	
6	0	0	0	0	1019	
7	0	0	0	0	1018	
8	0	0	0	0	0	
9	0	0	0	0	0	
10	0	0	0	0	0	
11	0	0	0	0	0	
12	0	0	0	0	0	
13	0	0	0	0	0	
14	0	0	0	0	0	
15	0	0	0	0	0	
0	0	0	0	0	0	
1	0	0	0	0	1018	
2	0	0	0	0	1018	
3	0	0	0	0	1018	
4	0	0	0	0	1018	
5	0	0	0	0	1018	
6	0	0	0	0	1018	
7	0	0	0	0	1019	
8	0	0	0	0	1018	
9	0	0	0	0	0	
10	0	0	0	0	0	
11	0	0	0	0	0	
12	0	0	0	0	0	
13	0	0	0	0	0	
14	0	0	0	0	0	
15	0	0	0	0	0	
0	0	0	0	0	0	
1	0	0	0	0	0	
2	0	0	0	0	1018	
3	0	0	0	0	1018	
4	0	0	0	0	1018	
5	0	0	0	0	1018	
6	0	0	0	0	1019	
7	0	0	0	0	1018	
8	0	0	0	0	1018	
9	0	0	0	0	295	
10	0	0	0	0	0	
11	0	0	0	0	0	
12	0	0	0	0	0	
13	0	0	0	0	0	
14	0	0	0	0	0	
15	0	0	0	0	0	
0	0	0	0	0	0	
1	0	0	0	0	0	
2	0	0	0	0	0	
3	0	0	0	0	1018	
4	0	0	0	0	1018	
5	0	0	0	0	1018	
6	0	0	0	0	1018	
7	0	0	0	0	1018	
8	0	0	0	0	1018	
9	0	0	0	0	1018	
10	0	0	0	0	80	
11	0	0	0	0	0	
12	0	0	0	0	0	
13	0	0	0	0	0	
14	0	0	0	0	0	
15	0	0	0	0	0	
0	0	0	0	0	0	
1	0	0	0	0	0	
2	0	0	0	0	0	
3	0	0	0	0	1018	
4	0	0	0	0	1019	
5	0	0	0	0	1018	
6	0	0	0	0	1018	
7	0	0	0	0	1018	
8	0	0	0	0	1018	
9	0	0	0	0	1018	
10	0	0	0	0	1019	
11	0	0	0	0	0	
12	0	0	0	0	0	
13	0	0	0	0	0	
14	0	0	0	0	0	
15	0	0	0	0	0	
0	0	0	0	0	0	
1	0	0	0	0	0	
2	0	0	0	0	0	
3	0	0	0	0	0	
4	0	0	0	0	1018	
5	0	0	0	0	1018	
6	0	0	0	0	1018	
7	0	0	0	0	1018	
8	0	0	0	0	1019	
9	0	0	0	0	1018	
10	0	0	0	0	1018	
11	0	0	0	0	515	
12	0	0	0	0	0	
13	0	0	0	0	0	
14	0	0	0	0	0	
15	0	0	0	0	0	
0	0	0	0	0	0	
1	0	0	0	0	0	
2	0	0	0	0	0	
3	0	0	0	0	0	
4	0	0	0	0	1018	
5	0	0	0	0	1018	
6	0	0	0	0	1018	
7	0	0	0	0	1018	
8	0	0	0	0	1018	
9	0	0	0	0	1018	
10	0	0	0	0	1018	
11	0	0	0	0	1018	
12	0	0	0	0	0	
13	0	0	0	0	0	
14	0	0	0	0	0	
15	0	0	0	0	0	
0	0	0	0	0	0	
1	0	0	0	0	0	
2	0	0	0	0	0	
3	0	0	0	0	0	
4	0	0	0	0	0	
5	0	0	0	0	1018	
6	0	0	0	0	1018	
7	0	0	0	0	1018	
8	0	0	0	0	1018	
9	0	0	0	0	1018	
10	0	0	0	0	1018	
11	0	0	0	0	1019	
12	0	0	0	0	1018	
13	0	0	0	0	0	
14	0	0	0	0	0	
15	0	0	0	0	0	
0	0	0	0	0	0	
1	0	0	0	0	0	
2	0	0	0	0	0	
3	0	0	0	0	0	
4	0	0	0	0	0	
5	0	0	0	0	1018	
6	0	0	0	0	1018	
7	0	0	0	0	1018	
8	0	0	0	0	1018	
9	0	0	0	0	1018	
10	0	0	0	0	1018	
11	0	0	0	0	1018	
12	0	0	0	0	1018	
13	0	0	0	0	0	
14	0	0	0	0	0	
15	0	0	0	0	0	
0	0	0	0	0	0	
1	0	0	0	0	0	
2	0	0	0	0	0	
3	0	0	0	0	0	
4	0	0	0	0	0	
5	0	0	0	0	0	
6	0	0	0	0	1018	
7	0	0	0	0	1018	
8	0	0	0	0	1018	
9	0	0	0	0	1018	
10	0	0	0	0	1018	
11	0	0	0	0	1018	
12	0	0	0	0	1018	
13	0	0	0	0	1018	
14	0	0	0	0	0	
15	0	0	0	0	0	
0	0	0	0	0	0	
1	0	0	0	0	0	
2	0	0	0	0	0	
3	0	0	0	0	0	
4	0	0	0	0	0	
5	0	0	0	0	0	
6	0	0	0	0	0	
7	0	0	0	0	1018	
8	0	0	0	0	1018	
9	0	0	0	0	1018	
10	0	0	0	0	1018	
11	0	0	0	0	1018	
12	0	0	0	0	1018	
13	0	0	0	0	1018	
14	0	0	0	0	1018	
15	0	0	0	0	0	
0	0	0	0	0	0	
1	0	0	0	0	0	
2	0	0	0	0	0	
3	0	0	0	0	0	
4	0	0	0	0	0	
5	0	0	0	0	0	
6	0	0	0	0	0	
7	0	0	0	0	0	
8	0	0	0	0	1018	
9	0	0	0	0	1018	
10	0	0	0	0	1018	
11	0	0	0	0	1018	
12	0	0	0	0	1018	
13	0	0	0	0	1018	
14	0	0	0	0	1018	
15	0	0	0	0	0	
0	0	0	0	0	0	
1	0	0	0	0	0	
2	0	0	0	0	0	
3	0	0	0	0	0	
4	0	0	0	0	0	
5	0	0	0	0	0	
6	0	0	0	0	0	
7	0	0	0	0	0	
8	0	0	0	0	1018	
9	0	0	0	0	1018	
10	0	0	0	0	1018	
11	0	0	0	0	1018	
12	0	0	0	0	1018	
13	0	0	0	0	1018	
14	0	0	0	0	1018	
15	0	0	0	0	1018	
0	0	0	0	0	0	
1	0	0	0	0	0	
2	0	0	0	0	0	
3	0	0	0	0	0	
4	0	0	0	0	0	
5	0	0	0	0	0	
6	0	0	0	0	0	
7	0	0	0	0	0	
8	0	0	0	0	0	
9	0	0	0	0	1018	
10	0	0	0	0	1018	
11	0	0	0	0	1018	
12	0	0	0	0	1018	
13	0	0	0	0	1018	
14	0	0	0	0	1018	
15	0	0	0	0	1018	
0	0	0	0	0	1018	
1	0	0	0	0	0	
2	0	0	0	0	0	
3	0	0	0	0	0	
4	0	0	0	0	0	
5	0	0	0	0	0	
6	0	0	0	0	0	
7	0	0	0	0	0	
8	0	0	0	0	0	
9	0	0	0	0	0	
10	0	0	0	0	1018	
11	0	0	0	0	1018	
12	0	0	0	0	1018	
13	0	0	0	0	1018	
14	0	0	0	0	1018	
15	0	0	0	0	1018	
0	0	0	0	0	1018	
1	0	0	0	0	0	
2	0	0	0	0	0	
3	0	0	0	0	0	
4	0	0	0	0	0	
5	0	0	0	0	0	
6	0	0	0	0	0	
7	0	0	0	0	0	
8	0	0	0	0	0	
9	0	0	0	0	0	
10	0	0	0	0	0	
11	0	0	0	0	1018	
12	0	0	0	0	1018	
13	0	0	0	0	1018	
14	0	0	0	0	1019	
15	0	0	0	0	1018	
0	0	0	0	0	1018	
1	0	0	0	0	1018	
2	0	0	0	0	0	
3	0	0	0	0	0	
4	0	0	0	0	0	
5	0	0	0	0	0	
6	0	0	0	0	0	
7	0	0	0	0	0	
8	0	0	0	0	0	
9	0	0	0	0	0	
10	0	0	0	0	0	
11	0	0	0	0	1018	
12	0	0	0	0	1018	
13	0	0	0	0	1018	
14	0	0	0	0	1018	
15	0	0	0	0	1019	
0	0	0	0	0	1018	
1	0	0	0	0	1019	
2	0	0	0	0	1018	
3	0	0	0	0	0	
4	0	0	0	0	0	
5	0	0	0	0	0	
6	0	0	0	0	0	
7	0	0	0	0	0	
8	0	0	0	0	0	
9	0	0	0	0	0	
10	0	0	0	0	0	
11	0	0	0	0	0	
12	0	0	0	0	1018	
13	0	0	0	0	1018	
14	0	0	0	0	1018	
15	0	0	0	0	1018	
0	0	0	0	0	1019	
1	0	0	0	0	1018	
2	0	0	0	0	1018	
3	0	0	0	0	0	
4	0	0	0	0	0	
5	0	0	0	0	0	
6	0	0	0	0	0	
7	0	0	0	0	0	
8	0	0	0	0	0	
9	0	0	0	0	0	
10	0	0	0	0	0	
11	0	0	0	0	0	
12	0	0	0	0	1018	
13	0	0	0	0	1018	
14	0	0	0	0	1018	
15	0	0	0	0	1018	
0	0	0	0	0	1018	
1	0	0	0	0	1018	
2	0	0	0	0	1018	
3	0	0	0	0	1018	
4	0	0	0	0	0	
5	0	0	0	0	0	
6	0	0	0	0	0	
7	0	0	0	0	0	
8	0	0	0	0	0	
9	0	0	0	0	0	
10	0	0	0	0	0	
11	0	0	0	0	0	
12	0	0	0	0	0	
13	0	0	0	0	1018	
14	0	0	0	0	1018	
15	0	0	0	0	1018	
0	0	0	0	0	1018	
1	0	0	0	0	1018	
2	0	0	0	0	1018	
3	0	0	0	0	1018	
4	0	0	0	0	1017	
5	0	0	0	0	0	
6	0	0	0	0	0	
7	0	0	0	0	0	
8	0	0	0	0	0	
9	0	0	0	0	0	
10	0	0	0	0	0	
11	0	0	0	0	0	
12	0	0	0	0	0	
13	0	0	0	0	0	
14	0	0	0	0	1018	
15	0	0	0	0	1018	
0	0	0	0	0	1018	
1	0	0	0	0	1018	
2	0	0	0	0	1018	
3	0	0	0	0	1018	
4	0	0	0	0	1018	
5	0	0	0	0	0	
6	0	0	0	0	0	
7	0	0	0	0	0	
8	0	0	0	0	0	
9	0	0	0	0	0	
10	0	0	0	0	0	
11	0	0	0	0	0	
12	0	0	0	0	0	
13	0	0	0	0	0	
14	0	0	0	0	1018	
15	0	0	0	0	1018	
0	0	0	0	0	1018	
1	0	0	0	0	1018	
2	0	0	0	0	1018	
3	0	0	0	0	1018	
4	0	0	0	0	1018	
5	0	0	0	0	1018	
6	0	0	0	0	0	
7	0	0	0	0	0	
8	0	0	0	0	0	
9	0	0	0	0	0	
10	0	0	0	0	0	
11	0	0	0	0	0	
12	0	0	0	0	0	
13	0	0	0	0	0	
14	0	0	0	0	0	
15	0	0	0	0	1018	
0	0	0	0	0	1019	
1	0	0	0	0	1018	
2	0	0	0	0	1018	
3	0	0	0	0	1018	
4	0	0	0	0	1018	
5	0	0	0	0	1018	
6	0	0	0	0	1018	
7	0	0	0	0	0	
8	0	0	0	0	0	
9	0	0	0	0	0	
10	0	0	0	0	0	
11	0	0	0	0	0	
12	0	0	0	0	0	
13	0	0	0	0	0	
14	0	0	0	0	0	
15	0	0	0	0	0	
0	0	0	0	0	1018	
1	0	0	0	0	1018	
2	0	0	0	0	1018	
3	0	0	0	0	1018	
4	0	0	0	0	1018	
5	0	0	0	0	1018	
6	0	0	0	0	1018	
7	0	0	0	0	0	
8	0	0	0	0	0	
9	0	0	0	0	0	
10	0	0	0	0	0	
11	0	0	0	0	0	
12	0	0	0	0	0	
13	0	0	0	0	0	
14	0	0	0	0	0	
15	0	0	0	0	0	
0	0	0	0	0	1018	
1	0	0	0	0	1018	
2	0	0	0	0	1018	
3	0	0	0	0	1018	
4	0	0	0	0	1018	
5	0	0	0	0	1018	
6	0	0	0	0	1018	
7	0	0	0	0	1018	
8	0	0	0	0	0	
9	0	0	0	0	0	
10	0	0	0	0	0	
11	0	0	0	0	0	
12	0	0	0	0	0	
13	0	0	0	0	0	
14	0	0	0	0	0	
15	0	0	0	0	0	
0	0	0	0	0	0	
1	0	0	0	0	1018	
2	0	0	0	0	1018	
3	0	0	0	0	1018	
4	0	0	0	0	1018	
5	0	0	0	0	1018	
6	0	0	0	0	1018	
7	0	0	0	0	1018	
8	0	0	0	0	1018	
9	0	0	0	0	0	
10	0	0	0	0	0	
11	0	0	0	0	0	
12	0	0	0	0	0	
13	0	0	0	0	0	
14	0	0	0	0	0	
15	0	0	0	0	0	
0	0	0	0	0	0	
1	0	0	0	0	0	
2	0	0	0	0	1018	
3	0	0	0	0	1018	
4	0	0	0	0	1018	
5	0	0	0	0	1018	
6	0	0	0	0	1018	
7	0	0	0	0	1018	
8	0	0	0	0	1018	
9	0	0	0	0	0	
10	0	0	0	0	0	
11	0	0	0	0	0	
12	0	0	0	0	0	
13	0	0	0	0	0	
14	0	0	0	0	0	
15	0	0	0	0	0	
0	0	0	0	0	0	
1	0	0	0	0	0	
2	0	0	0	0	1018	
3	0	0	0	0	1018	
4	0	0	0	0	1018	
5	0	0	0	0	1018	
6	0	0	0	0	1018	
7	0	0	0	0	1018	
8	0	0	0	0	1018	
9	0	0	0	0	1018	
10	0	0	0	0	0	
11	0	0	0	0	0	
12	0	0	0	0	0	
13	0	0	0	0	0	
14	0	0	0	0	0	
15	0	0	0	0	0	
0	0	0	0	0	0	
1	0	0	0	0	0	
2	0	0	0	0	0	
3	0	0	0	0	1018	
4	0	0	0	0	1018	
5	0	0	0	0	1018	
6	0	0	0	0	1018	
7	0	0	0	0	1018	
8	0	0	0	0	1018	
9	0	0	0	0	1018	
10	0	0	0	0	1018	
11	0	0	0	0	0	
12	0	0	0	0	0	
13	0	0	0	0	0	
14	0	0	0	0	0	
15	0	0	0	0	0	
0	0	0	0	0	0	
1	0	0	0	0	0	
2	0	0	0	0	0	
3	0	0	0	0	0	
4	0	0	0	0	1019	
5	0	0	0	0	1018	
6	0	0	0	0	1018	
7	0	0	0	0	1018	
8	0	0	0	0	1018	
9	0	0	0	0	1018	
10	0	0	0	0	1018	
11	0	0	0	0	0	
12	0	0	0	0	0	
13	0	0	0	0	0	
14	0	0	0	0	0	
15	0	0	0	0	0	
0	0	0	0	0	0	
1	0	0	0	0	0	
2	0	0	0	0	0	
3	0	0	0	0	0	
4	0	0	0	0	1018	
5	0	0	0	0	1018	
6	0	0	0	0	1018	
7	0	0	0	0	1018	
8	0	0	0	0	1018	
9	0	0	0	0	1018	
10	0	0	0	0	1018	
11	0	0	0	0	1018	
12	0	0	0	0	0	
13	0	0	0	0	0	
14	0	0	0	0	0	
15	0	0	0	0	0	
0	0	0	0	0	0	
1	0	0	0	0	0	
2	0	0	0	0	0	
3	0	0	0	0	0	
4	0	0	0	0	0	
5	0	0	0	0	1018	
6	0	0	0	0	1018	
7	0	0	0	0	1018	
8	0	0	0	0	1018	
9	0	0	0	0	1018	
10	0	0	0	0	1018	
11	0	0	0	0	1018	
12	0	0	0	0	1018	
13	0	0	0	0	0	
14	0	0	0	0	0	
15	0	0	0	0	0	
0	0	0	0	0	0	
1	0	0	0	0	0	
2	0	0	0	0	0	
3	0	0	0	0	0	
4	0	0	0	0	0	
5	0	0	0	0	0	
6	0	0	0	0	1018	
7	0	0	0	0	1018	
8	0	0	0	0	1018	
9	0	0	0	0	1018	
10	0	0	0	0	1018	
11	0	0	0	0	1018	
12	0	0	0	0	1018	
13	0	0	0	0	0	
14	0	0	0	0	0	
15	0	0	0	0	0	
0	0	0	0	0	0	
1	0	0	0	0	0	
2	0	0	0	0	0	
3	0	0	0	0	0	
4	0	0	0	0	0	
5	0	0	0	0	0	
6	0	0	0	0	637	
7	0	0	0	0	1018	
8	0	0	0	0	1018	
9	0	0	0	0	1018	
10	0	0	0	0	1018	
11	0	0	0	0	1018	
12	0	0	0	0	1018	
13	0	0	0	0	1018	
14	0	0	0	0	0	
15	0	0	0	0	0	
0	0	0	0	0	0	
1	0	0	0	0	0	
2	0	0	0	0	0	
3	0	0	0	0	0	
4	0	0	0	0	0	
5	0	0	0	0	0	
6	0	0	0	0	0	
7	0	0	0	0	1018	
8	0	0	0	0	1018	
9	0	0	0	0	1018	
10	0	0	0	0	1018	
11	0	0	0	0	1018	
12	0	0	0	0	1018	
13	0	0	0	0	1018	
14	0	0	0	0	1018	
15	0	0	0	0	0	
0	0	0	0	0	0	
1	0	0	0	0	0	
2	0	0	0	0	0	
3	0	0	0	0	0	
4	0	0	0	0	0	
5	0	0	0	0	0	
6	0	0	0	0	0	
7	0	0	0	0	0	
8	0	0	0	0	1018	
9	0	0	0	0	1018	
10	0	0	0	0	1018	
11	0	0	0	0	1018	
12	0	0	0	0	1018	
13	0	0	0	0	1018	
14	0	0	0	0	1018	
15	0	0	0	0	0	
0	0	0	0	0	0	
1	0	0	0	0	0	
2	0	0	0	0	0	
3	0	0	0	0	0	
4	0	0	0	0	0	
5	0	0	0	0	0	
6	0	0	0	0	0	
7	0	0	0	0	0	
8	0	0	0	0	0	
9	0	0	0	0	1018	
10	0	0	0	0	1018	
11	0	0	0	0	1019	
12	0	0	0	0	1018	
13	0	0	0	0	1018	
14	0	0	0	0	1018	
15	0	0	0	0	1018	
0	0	0	0	0	0	
1	0	0	0	0	0	
2	0	0	0	0	0	
3	0	0	0	0	0	
4	0	0	0	0	0	
5	0	0	0	0	0	
6	0	0	0	0	0	
7	0	0	0	0	0	
8	0	0	0	0	0	
9	0	0	0	0	1018	
10	0	0	0	0	1018	
11	0	0	0	0	1018	
12	0	0	0	0	1018	
13	0	0	0	0	1018	
14	0	0	0	0	1018	
15	0	0	0	0	1019	
0	0	0	0	0	1018	
1	0	0	0	0	0	
2	0	0	0	0	0	
3	0	0	0	0	0	
4	0	0	0	0	0	
5	0	0	0	0	0	
6	0	0	0	0	0	
7	0	0	0	0	0	
8	0	0	0	0	0	
9	0	0	0	0	0	
10	0	0	0	0	1018	
11	0	0	0	0	1018	
12	0	0	0	0	1018	
13	0	0	0	0	1018	
14	0	0	0	0	1019	
15	0	0	0	0	1018	
0	0	0	0	0	1018	
1	0	0	0	0	41	
2	0	0	0	0	0	
3	0	0	0	0	0	
4	0	0	0	0	0	
5	0	0	0	0	0	
6	0	0	0	0	0	
7	0	0	0	0	0	
8	0	0	0	0	0	
9	0	0	0	0	0	
10	0	0	0	0	0	
11	0	0	0	0	1018	
12	0	0	0	0	1018	
13	0	0	0	0	1018	
14	0	0	0	0	1018	
15	0	0	0	0	1018	
0	0	0	0	0	1018	
1	0	0	0	0	1018	
2	0	0	0	0	0	
3	0	0	0	0	0	
4	0	0	0	0	0	
5	0	0	0	0	0	
6	0	0	0	0	0	
7	0	0	0	0	0	
8	0	0	0	0	0	
9	0	0	0	0	0	
10	0	0	0	0	0	
11	0	0	0	0	1018	
12	0	0	0	0	1019	
13	0	0	0	0	1018	
14	0	0	0	0	1018	
15	0	0	0	0	1018	
0	0	0	0	0	1018	
1	0	0	0	0	1019	
2	0	0	0	0	1018	
3	0	0	0	0	0	
4	0	0	0	0	0	
5	0	0	0	0	0	
6	0	0	0	0	0	
7	0	0	0	0	0	
8	0	0	0	0	0	
9	0	0	0	0	0	
10	0	0	0	0	0	
11	0	0	0	0	0	
12	0	0	0	0	1018	
13	0	0	0	0	1018	
14	0	0	0	0	1018	
15	0	0	0	0	1018	
0	0	0	0	0	1018	
1	0	0	0	0	1018	
2	0	0	0	0	1018	
3	0	0	0	0	1017	
4	0	0	0	0	0	
5	0	0	0	0	0	
6	0	0	0	0	0	
7	0	0	0	0	0	
8	0	0	0	0	0	
9	0	0	0	0	0	
10	0	0	0	0	0	
11	0	0	0	0	0	
12	0	0	0	0	0	
13	0	0	0	0	1018	
14	0	0	0	0	1018	
15	0	0	0	0	1018	
0	0	0	0	0	1018	
1	0	0	0	0	1018	
2	0	0	0	0	1019	
3	0	0	0	0	1018	
4	0	0	0	0	0	
5	0	0	0	0	0	
6	0	0	0	0	0	
7	0	0	0	0	0	
8	0	0	0	0	0	
9	0	0	0	0	0	
10	0	0	0	0	0	
11	0	0	0	0	0	
12	0	0	0	0	0	
13	0	0	0	0	1018	
14	0	0	0	0	1019	
15	0	0	0	0	1018	
0	0	0	0	0	1018	
1	0	0	0	0	1018	
2	0	0	0	0	1018	
3	0	0	0	0	1018	
4	0	0	0	0	1018	
5	0	0	0	0	0	
6	0	0	0	0	0	
7	0	0	0	0	0	
8	0	0	0	0	0	
9	0	0	0	0	0	
10	0	0	0	0	0	
11	0	0	0	0	0	
12	0	0	0	0	0	
13	0	0	0	0	0	
14	0	0	0	0	1018	
15	0	0	0	0	1018	
0	0	0	0	0	1018	
1	0	0	0	0	1018	
2	0	0	0	0	1018	
3	0	0	0	0	1018	
4	0	0	0	0	1018	
5	0	0	0	0	1018	
6	0	0	0	0	0	
7	0	0	0	0	0	
8	0	0	0	0	0	
9	0	0	0	0	0	
10	0	0	0	0	0	
11	0	0	0	0	0	
12	0	0	0	0	0	
13	0	0	0	0	0	
14	0	0	0	0	0	
15	0	0	0	0	1018	
0	0	0	0	0	1018	
1	0	0	0	0	1018	
2	0	0	0	0	1018	
3	0	0	0	0	1018	
4	0	0	0	0	1018	
5	0	0	0	0	1018	
6	0	0	0	0	0	
7	0	0	0	0	0	
8	0	0	0	0	0	
9	0	0	0	0	0	
10	0	0	0	0	0	
11	0	0	0	0	0	
12	0	0	0	0	0	
13	0	0	0	0	0	
14	0	0	0	0	0	
15	0	0	0	0	359	
0	0	0	0	0	1019	
1	0	0	0	0	1018	
2	0	0	0	0	1018	
3	0	0	0	0	1018	
4	0	0	0	0	1018	
5	0	0	0	0	1019	
6	0	0	0	0	1018	
7	0	0	0	0	0	
8	0	0	0	0	0	
9	0	0	0	0	0	
10	0	0	0	0	0	
11	0	0	0	0	0	
12	0	0	0	0	0	
13	0	0	0	0	0	
14	0	0	0	0	0	
15	0	0	0	0	0	
0	0	0	0	0	1018	
1	0	0	0	0	1018	
2	0	0	0	0	1018	
3	0	0	0	0	1018	
4	0	0	0	0	1019	
5	0	0	0	0	1018	
6	0	0	0	0	1018	
7	0	0	0	0	1018	
8	0	0	0	0	0	
9	0	0	0	0	0	
10	0	0	0	0	0	
11	0	0	0	0	0	
12	0	0	0	0	0	
13	0	0	0	0	0	
14	0	0	0	0	0	
15	0	0	0	0	0	
0	0	0	0	0	0	
1	0	0	0	0	1018	
2	0	0	0	0	1018	
3	0	0	0	0	1018	
4	0	0	0	0	1018	
5	0	0	0	0	1018	
6	0	0	0	0	1018	
7	0	0	0	0	1018	
8	0	0	0	0	0	
9	0	0	0	0	0	
10	0	0	0	0	0	
11	0	0	0	0	0	
12	0	0	0	0	0	
13	0	0	0	0	0	
14	0	0	0	0	0	
15	0	0	0	0	0	
0	0	0	0	0	0	
1	0	0	0	0	0	
2	0	0	0	0	1018	
3	0	0	0	0	1018	
4	0	0	0	0	1018	
5	0	0	0	0	1018	
6	0	0	0	0	1018	
7	0	0	0	0	1018	
8	0	0	0	0	1018	
9	0	0	0	0	0	
10	0	0	0	0	0	
11	0	0	0	0	0	
12	0	0	0	0	0	
13	0	0	0	0	0	
14	0	0	0	0	0	
15	0	0	0	0	0	
0	0	0	0	0	0	
1	0	0	0	0	0	
2	0	0	0	0	1018	
3	0	0	0	0	1018	
4	0	0	0	0	1018	
5	0	0	0	0	1018	
6	0	0	0	0	1018	
7	0	0	0	0	1018	
8	0	0	0	0	1018	
9	0	0	0	0	1018	
10	0	0	0	0	0	
11	0	0	0	0	0	
12	0	0	0	0	0	
13	0	0	0	0	0	
14	0	0	0	0	0	
15	0	0	0	0	0	
0	0	0	0	0	0	
1	0	0	0	0	0	
2	0	0	0	0	0	
3	0	0	0	0	1018	
4	0	0	0	0	1018	
5	0	0	0	0	1019	
6	0	0	0	0	1018	
7	0	0	0	0	1018	
8	0	0	0	0	1018	
9	0	0	0	0	1018	
10	0	0	0	0	0	
11	0	0	0	0	0	
12	0	0	0	0	0	
13	0	0	0	0	0	
14	0	0	0	0	0	
15	0	0	0	0	0	
0	0	0	0	0	0	
1	0	0	0	0	0	
2	0	0	0	0	0	
3	0	0	0	0	0	
4	0	0	0	0	1019	
5	0	0	0	0	1018	
6	0	0	0	0	1018	
7	0	0	0	0	1018	
8	0	0	0	0	1018	
9	0	0	0	0	1018	
10	0	0	0	0	1018	
11	0	0	0	0	0	
12	0	0	0	0	0	
13	0	0	0	0	0	
14	0	0	0	0	0	
15	0	0	0	0	0	
0	0	0	0	0	0	
1	0	0	0	0	0	
2	0	0	0	0	0	
3	0	0	0	0	0	
4	0	0	0	0	1018	
5	0	0	0	0	1018	
6	0	0	0	0	1018	
7	0	0	0	0	1018	
8	0	0	0	0	1019	
9	0	0	0	0	1018	
10	0	0	0	0	1018	
11	0	0	0	0	1018	
12	0	0	0	0	0	
13	0	0	0	0	0	
14	0	0	0	0	0	
15	0	0	0	0	0	
0	0	0	0	0	0	
1	0	0	0	0	0	
2	0	0	0	0	0	
3	0	0	0	0	0	
4	0	0	0	0	0	
5	0	0	0	0	1018	
6	0	0	0	0	1018	
7	0	0	0	0	1018	
8	0	0	0	0	1018	
9	0	0	0	0	1018	
10	0	0	0	0	1018	
11	0	0	0	0	1018	
12	0	0	0	0	552	
13	0	0	0	0	0	
14	0	0	0	0	0	
15	0	0	0	0	0	
0	0	0	0	0	0	
1	0	0	0	0	0	
2	0	0	0	0	0	
3	0	0	0	0	0	
4	0	0	0	0	0	
5	0	0	0	0	0	
6	0	0	0	0	1018	
7	0	0	0	0	1018	
8	0	0	0	0	1018	
9	0	0	0	0	1018	
10	0	0	0	0	1018	
11	0	0	0	0	1018	
12	0	0	0	0	1018	
13	0	0	0	0	0	
14	0	0	0	0	0	
15	0	0	0	0	0	
0	0	0	0	0	0	
1	0	0	0	0	0	
2	0	0	0	0	0	
3	0	0	0	0	0	
4	0	0	0	0	0	
5	0	0	0	0	0	
6	0	0	0	0	1018	
7	0	0	0	0	1018	
8	0	0	0	0	1018	
9	0	0	0	0	1018	
10	0	0	0	0	1018	
11	0	0	0	0	1018	
12	0	0	0	0	1018	
13	0	0	0	0	1018	
14	0	0	0	0	0	
15	0	0	0	0	0	
0	0	0	0	0	0	
1	0	0	0	0	0	
2	0	0	0	0	0	
3	0	0	0	0	0	
4	0	0	0	0	0	
5	0	0	0	0	0	
6	0	0	0	0	0	
7	0	0	0	0	1018	
8	0	0	0	0	1018	
9	0	0	0	0	1018	
10	0	0	0	0	1018	
11	0	0	0	0	1018	
12	0	0	0	0	1018	
13	0	0	0	0	1018	
14	0	0	0	0	1017	
15	0	0	0	0	0	
0	0	0	0	0	0	
1	0	0	0	0	0	
2	0	0	0	0	0	
3	0	0	0	0	0	
4	0	0	0	0	0	
5	0	0	0	0	0	
6	0	0	0	0	0	
7	0	0	0	0	0	
8	0	0	0	0	1018	
9	0	0	0	0	1019	
10	0	0	0	0	1018	
11	0	0	0	0	1018	
12	0	0	0	0	1018	
13	0	0	0	0	1018	
14	0	0	0	0	1018	
15	0	0	0	0	0	
0	0	0	0	0	0	
1	0	0	0	0	0	
2	0	0	0	0	0	
3	0	0	0	0	0	
4	0	0	0	0	0	
5	0	0	0	0	0	
6	0	0	0	0	0	
7	0	0	0	0	0	
8	0	0	0	0	654	
9	0	0	0	0	1018	
10	0	0	0	0	1018	
11	0	0	0	0	1018	
12	0	0	0	0	1019	
13	0	0	0	0	1018	
14	0	0	0	0	1018	
15	0	0	0	0	1018	
0	0	0	0	0	0	
1	0	0	0	0	0	
2	0	0	0	0	0	
3	0	0	0	0	0	
4	0	0	0	0	0	
5	0	0	0	0	0	
6	0	0	0	0	0	
7	0	0	0	0	0	
8	0	0	0	0	0	
9	0	0	0	0	1018	
10	0	0	0	0	1018	
11	0	0	0	0	1018	
12	0	0	0	0	1018	
13	0	0	0	0	1018	
14	0	0	0	0	1018	
15	0	0	0	0	1018	
0	0	0	0	0	1018	
1	0	0	0	0	0	
2	0	0	0	0	0	
3	0	0	0	0	0	
4	0	0	0	0	0	
5	0	0	0	0	0	
6	0	0	0	0	0	
7	0	0	0	0	0	
8	0	0	0	0	0	
9	0	0	0	0	0	
10	0	0	0	0	1019	
11	0	0	0	0	1018	
12	0	0	0	0	1018	
13	0	0	0	0	1018	
14	0	0	0	0	1018	
15	0	0	0	0	1018	
0	0	0	0	0	1018	
1	0	0	0	0	0	
2	0	0	0	0	0	
3	0	0	0	0	0	
4	0	0	0	0	0	
5	0	0	0	0	0	
6	0	0	0	0	0	
7	0	0	0	0	0	
8	0	0	0	0	0	
9	0	0	0	0	0	
10	0	0	0	0	0	
11	0	0	0	0	1018	
12	0	0	0	0	1018	
13	0	0	0	0	1018	
14	0	0	0	0	1018	
15	0	0	0	0	1018	
0	0	0	0	0	1018	
1	0	0	0	0	1018	
2	0	0	0	0	0	
3	0	0	0	0	0	
4	0	0	0	0	0	
5	0	0	0	0	0	
6	0	0	0	0	0	
7	0	0	0	0	0	
8	0	0	0	0	0	
9	0	0	0	0	0	
10	0	0	0	0	0	
11	0	0	0	0	1018	
12	0	0	0	0	1018	
13	0	0	0	0	1018	
14	0	0	0	0	1018	
15	0	0	0	0	1018	
0	0	0	0	0	1018	
1	0	0	0	0	1018	
2	0	0	0	0	1019	
3	0	0	0	0	0	
4	0	0	0	0	0	
5	0	0	0	0	0	
6	0	0	0	0	0	
7	0	0	0	0	0	
8	0	0	0	0	0	
9	0	0	0	0	0	
10	0	0	0	0	0	
11	0	0	0	0	0	
12	0	0	0	0	1019	
13	0	0	0	0	1018	
14	0	0	0	0	1018	
15	0	0	0	0	1018	
0	0	0	0	0	1018	
1	0	0	0	0	1018	
2	0	0	0	0	1018	
3	0	0	0	0	321	
4	0	0	0	0	0	
5	0	0	0	0	0	
6	0	0	0	0	0	
7	0	0	0	0	0	
8	0	0	0	0	0	
9	0	0	0	0	0	
10	0	0	0	0	0	
11	0	0	0	0	0	
12	0	0	0	0	0	
13	0	0	0	0	1018	
14	0	0	0	0	1018	
15	0	0	0	0	1018	
0	0	0	0	0	1018	
1	0	0	0	0	1018	
2	0	0	0	0	1018	
3	0	0	0	0	1018	
4	0	0	0	0	0	
5	0	0	0	0	0	
6	0	0	0	0	0	
7	0	0	0	0	0	
8	0	0	0	0	0	
9	0	0	0	0	0	
10	0	0	0	0	0	
11	0	0	0	0	0	
12	0	0	0	0	0	
13	0	0	0	0	1018	
14	0	0	0	0	1018	
15	0	0	0	0	1018	
0	0	0	0	0	1018	
1	0	0	0	0	1018	
2	0	0	0	0	1018	
3	0	0	0	0	1018	
4	0	0	0	0	1019	
5	0	0	0	0	0	
6	0	0	0	0	0	
7	0	0	0	0	0	
8	0	0	0	0	0	
9	0	0	0	0	0	
10	0	0	0	0	0	
11	0	0	0	0	0	
12	0	0	0	0	0	
13	0	0	0	0	0	
14	0	0	0	0	1018	
15	0	0	0	0	1018	
0	0	0	0	0	1018	
1	0	0	0	0	1018	
2	0	0	0	0	1018	
3	0	0	0	0	1018	
4	0	0	0	0	1018	
5	0	0	0	0	710	
6	0	0	0	0	0	
7	0	0	0	0	0	
8	0	0	0	0	0	
9	0	0	0	0	0	
10	0	0	0	0	0	
11	0	0	0	0	0	
12	0	0	0	0	0	
13	0	0	0	0	0	
14	0	0	0	0	0	
15	0	0	0	0	1018	
0	0	0	0	0	1018	
1	0	0	0	0	1018	
2	0	0	0	0	1018	
3	0	0	0	0	1018	
4	0	0	0	0	1018	
5	0	0	0	0	1018	
6	0	0	0	0	0	
7	0	0	0	0	0	
8	0	0	0	0	0	
9	0	0	0	0	0	
10	0	0	0	0	0	
11	0	0	0	0	0	
12	0	0	0	0	0	
13	0	0	0	0	0	
14	0	0	0	0	0	
15	0	0	0	0	0	
0	0	0	0	0	1018	
1	0	0	0	0	1018	
2	0	0	0	0	1018	
3	0	0	0	0	1018	
4	0	0	0	0	1018	
5	0	0	0	0	1018	
6	0	0	0	0	1019	
7	0	0	0	0	0	
8	0	0	0	0	0	
9	0	0	0	0	0	
10	0	0	0	0	0	
11	0	0	0	0	0	
12	0	0	0	0	0	
13	0	0	0	0	0	
14	0	0	0	0	0	
15	0	0	0	0	0	
0	0	0	0	0	1019	
1	0	0	0	0	1018	
2	0	0	0	0	1018	
3	0	0	0	0	1018	
4	0	0	0	0	1018	
5	0	0	0	0	1018	
6	0	0	0	0	1019	
7	0	0	0	0	1018	
8	0	0	0	0	0	
9	0	0	0	0	0	
10	0	0	0	0	0	
11	0	0	0	0	0	
12	0	0	0	0	0	
13	0	0	0	0	0	
14	0	0	0	0	0	
15	0	0	0	0	0	
0	0	0	0	0	0	
1	0	0	0	0	1018	
2	0	0	0	0	1018	
3	0	0	0	0	1018	
4	0	0	0	0	1018	
5	0	0	0	0	1018	
6	0	0	0	0	1018	
7	0	0	0	0	1018	
8	0	0	0	0	0	
9	0	0	0	0	0	
10	0	0	0	0	0	
11	0	0	0	0	0	
12	0	0	0	0	0	
13	0	0	0	0	0	
14	0	0	0	0	0	
15	0	0	0	0	0	
0	0	0	0	0	0	
1	0	0	0	0	1018	
2	0	0	0	0	1018	
3	0	0	0	0	1018	
4	0	0	0	0	1018	
5	0	0	0	0	1018	
6	0	0	0	0	1018	
7	0	0	0	0	1018	
8	0	0	0	0	1018	
9	0	0	0	0	0	
10	0	0	0	0	0	
11	0	0	0	0	0	
12	0	0	0	0	0	
13	0	0	0	0	0	
14	0	0	0	0	0	
15	0	0	0	0	0	
0	0	0	0	0	0	
1	0	0	0	0	0	
2	0	0	0	0	1018	
3	0	0	0	0	1018	
4	0	0	0	0	1018	
5	0	0	0	0	1018	
6	0	0	0	0	1018	
7	0	0	0	0	1018	
8	0	0	0	0	1018	
9	0	0	0	0	1018	
10	0	0	0	0	0	
11	0	0	0	0	0	
12	0	0	0	0	0	
13	0	0	0	0	0	
14	0	0	0	0	0	
15	0	0	0	0	0	
0	0	0	0	0	0	
1	0	0	0	0	0	
2	0	0	0	0	0	
3	0	0	0	0	1018	
4	0	0	0	0	1018	
5	0	0	0	0	1018	
6	0	0	0	0	1018	
7	0	0	0	0	1018	
8	0	0	0	0	1018	
9	0	0	0	0	1018	
10	0	0	0	0	5	
11	0	0	0	0	0	
12	0	0	0	0	0	
13	0	0	0	0	0	
14	0	0	0	0	0	
15	0	0	0	0	0	
0	0	0	0	0	0	
1	0	0	0	0	0	
2	0	0	0	0	0	
3	0	0	0	0	0	
4	0	0	0	0	1018	
5	0	0	0	0	1019	
6	0	0	0	0	1019	
7	0	0	0	0	1018	
8	0	0	0	0	1018	
9	0	0	0	0	1018	
10	0	0	0	0	1018	
11	0	0	0	0	0	
12	0	0	0	0	0	
13	0	0	0	0	0	
14	0	0	0	0	0	
15	0	0	0	0	0	
0	0	0	0	0	0	
1	0	0	0	0	0	
2	0	0	0	0	0	
3	0	0	0	0	0	
4	0	0	0	0	1018	
5	0	0	0	0	1019	
6	0	0	0	0	1018	
7	0	0	0	0	1018	
8	0	0	0	0	1018	
9	0	0	0	0	1018	
10	0	0	0	0	1018	
11	0	0	0	0	1018	
12	0	0	0	0	0	
13	0	0	0	0	0	
14	0	0	0	0	0	
15	0	0	0	0	0	
0	0	0	0	0	0	
1	0	0	0	0	0	
2	0	0	0	0	0	
3	0	0	0	0	0	
4	0	0	0	0	0	
5	0	0	0	0	1018	
6	0	0	0	0	1018	
7	0	0	0	0	1018	
8	0	0	0	0	1018	
9	0	0	0	0	1018	
10	0	0	0	0	1018	
11	0	0	0	0	1018	
12	0	0	0	0	1017	
13	0	0	0	0	0	
14	0	0	0	0	0	
15	0	0	0	0	0	
0	0	0	0	0	0	
1	0	0	0	0	0	
2	0	0	0	0	0	
3	0	0	0	0	0	
4	0	0	0	0	0	
5	0	0	0	0	0	
6	0	0	0	0	1018	
7	0	0	0	0	1018	
8	0	0	0	0	1018	
9	0	0	0	0	1018	
10	0	0	0	0	1018	
11	0	0	0	0	1018	
12	0	0	0	0	1018	
13	0	0	0	0	0	
14	0	0	0	0	0	
15	0	0	0	0	0	
0	0	0	0	0	0	
1	0	0	0	0	0	
2	0	0	0	0	0	
3	0	0	0	0	0	
4	0	0	0	0	0	
5	0	0	0	0	0	
6	0	0	0	0	963	
7	0	0	0	0	1018	
8	0	0	0	0	1018	
9	0	0	0	0	1018	
10	0	0	0	0	1018	
11	0	0	0	0	1018	
12	0	0	0	0	1018	
13	0	0	0	0	1018	
14	0	0	0	0	0	
15	0	0	0	0	0	
0	0	0	0	0	0	
1	0	0	0	0	0	
2	0	0	0	0	0	
3	0	0	0	0	0	
4	0	0	0	0	0	
5	0	0	0	0	0	
6	0	0	0	0	0	
7	0	0	0	0	1018	
8	0	0	0	0	1018	
9	0	0	0	0	1018	
10	0	0	0	0	1019	
11	0	0	0	0	1018	
12	0	0	0	0	1018	
13	0	0	0	0	1018	
14	0	0	0	0	1018	
15	0	0	0	0	0	
0	0	0	0	0	0	
1	0	0	0	0	0	
2	0	0	0	0	0	
3	0	0	0	0	0	
4	0	0	0	0	0	
5	0	0	0	0	0	
6	0	0	0	0	0	
7	0	0	0	0	0	
8	0	0	0	0	1018	
9	0	0	0	0	1018	
10	0	0	0	0	1018	
11	0	0	0	0	1018	
12	0	0	0	0	1018	
13	0	0	0	0	1018	
14	0	0	0	0	1018	
15	0	0	0	0	0	
0	0	0	0	0	0	
1	0	0	0	0	0	
2	0	0	0	0	0	
3	0	0	0	0	0	
4	0	0	0	0	0	
5	0	0	0	0	0	
6	0	0	0	0	0	
7	0	0	0	0	0	
8	0	0	0	0	0	
9	0	0	0	0	1018	
10	0	0	0	0	1018	
11	0	0	0	0	1018	
12	0	0	0	0	1018	
13	0	0	0	0	1018	
14	0	0	0	0	1018	
15	0	0	0	0	1018	
0	0	0	0	0	0	
1	0	0	0	0	0	
2	0	0	0	0	0	
3	0	0	0	0	0	
4	0	0	0	0	0	
5	0	0	0	0	0	
6	0	0	0	0	0	
7	0	0	0	0	0	
8	0	0	0	0	0	
9	0	0	0	0	0	
10	0	0	0	0	1018	
11	0	0	0	0	1018	
12	0	0	0	0	1018	
13	0	0	0	0	1019	
14	0	0	0	0	1018	
15	0	0	0	0	1018	
0	0	0	0	0	1017	
1	0	0	0	0	0	
2	0	0	0	0	0	
3	0	0	0	0	0	
4	0	0	0	0	0	
5	0	0	0	0	0	
6	0	0	0	0	0	
7	0	0	0	0	0	
8	0	0	0	0	0	
9	0	0	0	0	0	
10	0	0	0	0	1018	
11	0	0	0	0	1018	
12	0	0	0	0	1018	
13	0	0	0	0	1018	
14	0	0	0	0	1019	
15	0	0	0	0	1018	
0	0	0	0	0	1018	
1	0	0	0	0	0	
2	0	0	0	0	0	
3	0	0	0	0	0	
4	0	0	0	0	0	
5	0	0	0	0	0	
6	0	0	0	0	0	
7	0	0	0	0	0	
8	0	0	0	0	0	
9	0	0	0	0	0	
10	0	0	0	0	0	
11	0	0	0	0	1018	
12	0	0	0	0	1018	
13	0	0	0	0	1019	
14	0	0	0	0	1018	
15	0	0	0	0	1019	
0	0	0	0	0	1018	
1	0	0	0	0	1018	
2	0	0	0	0	0	
3	0	0	0	0	0	
4	0	0	0	0	0	
5	0	0	0	0	0	
6	0	0	0	0	0	
7	0	0	0	0	0	
8	0	0	0	0	0	
9	0	0	0	0	0	
10	0	0	0	0	0	
11	0	0	0	0	1018	
12	0	0	0	0	1018	
13	0	0	0	0	1018	
14	0	0	0	0	1018	
15	0	0	0	0	1018	
0	0	0	0	0	1018	
1	0	0	0	0	1018	
2	0	0	0	0	1018	
3	0	0	0	0	0	
4	0	0	0	0	0	
5	0	0	0	0	0	
6	0	0	0	0	0	
7	0	0	0	0	0	
8	0	0	0	0	0	
9	0	0	0	0	0	
10	0	0	0	0	0	
11	0	0	0	0	1018	
12	0	0	0	0	1018	
13	0	0	0	0	1018	
14	0	0	0	0	1018	
15	0	0	0	0	1018	
0	0	0	0	0	1018	
1	0	0	0	0	1018	
2	0	0	0	0	1018	
3	0	0	0	0	0	
4	0	0	0	0	0	
5	0	0	0	0	0	
6	0	0	0	0	0	
7	0	0	0	0	0	
8	0	0	0	0	0	
9	0	0	0	0	0	
10	0	0	0	0	0	
11	0	0	0	0	0	
12	0	0	0	0	1018	
13	0	0	0	0	1018	
14	0	0	0	0	1018	
15	0	0	0	0	1018	
0	0	0	0	0	1018	
1	0	0	0	0	1018	
2	0	0	0	0	1018	
3	0	0	0	0	1018	
4	0	0	0	0	0	
5	0	0	0	0	0	
6	0	0	0	0	0	
7	0	0	0	0	0	
8	0	0	0	0	0	
9	0	0	0	0	0	
10	0	0	0	0	0	
11	0	0	0	0	0	
12	0	0	0	0	0	
13	0	0	0	0	1018	
14	0	0	0	0	1018	
15	0	0	0	0	1018	
0	0	0	0	0	1019	
1	0	0	0	0	1018	
2	0	0	0	0	1018	
3	0	0	0	0	1018	
4	0	0	0	0	1018	
5	0	0	0	0	0	
6	0	0	0	0	0	
7	0	0	0	0	0	
8	0	0	0	0	0	
9	0	0	0	0	0	
10	0	0	0	0	0	
11	0	0	0	0	0	
12	0	0	0	0	0	
13	0	0	0	0	0	
14	0	0	0	0	1018	
15	0	0	0	0	1018	
0	0	0	0	0	1018	
1	0	0	0	0	1018	
2	0	0	0	0	1018	
3	0	0	0	0	1019	
4	0	0	0	0	1019	
5	0	0	0	0	0	
6	0	0	0	0	0	
7	0	0	0	0	0	
8	0	0	0	0	0	
9	0	0	0	0	0	
10	0	0	0	0	0	
11	0	0	0	0	0	
12	0	0	0	0	0	
13	0	0	0	0	0	
14	0	0	0	0	1018	
15	0	0	0	0	1018	
0	0	0	0	0	1018	
1	0	0	0	0	1018	
2	0	0	0	0	1018	
3	0	0	0	0	1018	
4	0	0	0	0	1018	
5	0	0	0	0	1018	
6	0	0	0	0	0	
7	0	0	0	0	0	
8	0	0	0	0	0	
9	0	0	0	0	0	
10	0	0	0	0	0	
11	0	0	0	0	0	
12	0	0	0	0	0	
13	0	0	0	0	0	
14	0	0	0	0	0	
15	0	0	0	0	1018	
0	0	0	0	0	1018	
1	0	0	0	0	1018	
2	0	0	0	0	1019	
3	0	0	0	0	1018	
4	0	0	0	0	1018	
5	0	0	0	0	1018	
6	0	0	0	0	0	
7	0	0	0	0	0	
8	0	0	0	0	0	
9	0	0	0	0	0	
10	0	0	0	0	0	
11	0	0	0	0	0	
12	0	0	0	0	0	
13	0	0	0	0	0	
14	0	0	0	0	0	
15	0	0	0	0	0	
0	0	0	0	0	1018	
1	0	0	0	0	1018	
2	0	0	0	0	1018	
3	0	0	0	0	1018	
4	0	0	0	0	1018	
5	0	0	0	0	1018	
6	0	0	0	0	1019	
7	0	0	0	0	0	
8	0	0	0	0	0	
9	0	0	0	0	0	
10	0	0	0	0	0	
11	0	0	0	0	0	
12	0	0	0	0	0	
13	0	0	0	0	0	
14	0	0	0	0	0	
15	0	0	0	0	0	
0	0	0	0	0	1018	
1	0	0	0	0	1018	
2	0	0	0	0	1018	
3	0	0	0	0	1018	
4	0	0	0	0	1018	
5	0	0	0	0	1019	
6	0	0	0	0	1019	
7	0	0	0	0	1018	
8	0	0	0	0	0	
9	0	0	0	0	0	
10	0	0	0	0	0	
11	0	0	0	0	0	
12	0	0	0	0	0	
13	0	0	0	0	0	
14	0	0	0	0	0	
15	0	0	0	0	0	
0	0	0	0	0	0	
1	0	0	0	0	1018	
2	0	0	0	0	1018	
3	0	0	0	0	1018	
4	0	0	0	0	1018	
5	0	0	0	0	1018	
6	0	0	0	0	1018	
7	0	0	0	0	1018	
8	0	0	0	0	3	
9	0	0	0	0	0	
10	0	0	0	0	0	
11	0	0	0	0	0	
12	0	0	0	0	0	
13	0	0	0	0	0	
14	0	0	0	0	0	
15	0	0	0	0	0	
0	0	0	0	0	0	
1	0	0	0	0	0	
2	0	0	0	0	1018	
3	0	0	0	0	1018	
4	0	0	0	0	1018	
5	0	0	0	0	1018	
6	0	0	0	0	1018	
7	0	0	0	0	1018	
8	0	0	0	0	1018	
9	0	0	0	0	0	
10	0	0	0	0	0	
11	0	0	0	0	0	
12	0	0	0	0	0	
13	0	0	0	0	0	
14	0	0	0	0	0	
15	0	0	0	0	0	
0	0	0	0	0	0	
1	0	0	0	0	0	
2	0	0	0	0	1018	
3	0	0	0	0	1018	
4	0	0	0	0	1018	
5	0	0	0	0	1018	
6	0	0	0	0	1018	
7	0	0	0	0	1018	
8	0	0	0	0	1018	
9	0	0	0	0	1018	
10	0	0	0	0	0	
11	0	0	0	0	0	
12	0	0	0	0	0	
13	0	0	0	0	0	
14	0	0	0	0	0	
15	0	0	0	0	0	
0	0	0	0	0	0	
1	0	0	0	0	0	
2	0	0	0	0	0	
3	0	0	0	0	1018	
4	0	0	0	0	1018	
5	0	0	0	0	1018	
6	0	0	0	0	1018	
7	0	0	0	0	1018	
8	0	0	0	0	1018	
9	0	0	0	0	1018	
10	0	0	0	0	145	
11	0	0	0	0	0	
12	0	0	0	0	0	
13	0	0	0	0	0	
14	0	0	0	0	0	
15	0	0	0	0	0	
0	0	0	0	0	0	
1	0	0	0	0	0	
2	0	0	0	0	0	
3	0	0	0	0	0	
4	0	0	0	0	1018	
5	0	0	0	0	1018	
6	0	0	0	0	1018	
7	0	0	0	0	1018	
8	0	0	0	0	1018	
9	0	0	0	0	1018	
10	0	0	0	0	1018	
11	0	0	0	0	0	
12	0	0	0	0	0	
13	0	0	0	0	0	
14	0	0	0	0	0	
15	0	0	0	0	0	
0	0	0	0	0	0	
1	0	0	0	0	0	
2	0	0	0	0	0	
3	0	0	0	0	0	
4	0	0	0	0	1018	
5	0	0	0	0	1018	
6	0	0	0	0	1018	
7	0	0	0	0	1018	
8	0	0	0	0	1018	
9	0	0	0	0	1018	
10	0	0	0	0	1019	
11	0	0	0	0	1018	
12	0	0	0	0	0	
13	0	0	0	0	0	
14	0	0	0	0	0	
15	0	0	0	0	0	
0	0	0	0	0	0	
1	0	0	0	0	0	
2	0	0	0	0	0	
3	0	0	0	0	0	
4	0	0	0	0	0	
5	0	0	0	0	1018	
6	0	0	0	0	1018	
7	0	0	0	0	1018	
8	0	0	0	0	1018	
9	0	0	0	0	1019	
10	0	0	0	0	1018	
11	0	0	0	0	1018	
12	0	0	0	0	0	
13	0	0	0	0	0	
14	0	0	0	0	0	
15	0	0	0	0	0	
0	0	0	0	0	0	
1	0	0	0	0	0	
2	0	0	0	0	0	
3	0	0	0	0	0	
4	0	0	0	0	0	
5	0	0	0	0	0	
6	0	0	0	0	1018	
7	0	0	0	0	1018	
8	0	0	0	0	1018	
9	0	0	0	0	1018	
10	0	0	0	0	1018	
11	0	0	0	0	1018	
12	0	0	0	0	1019	
13	0	0	0	0	0	
14	0	0	0	0	0	
15	0	0	0	0	0	
0	0	0	0	0	0	
1	0	0	0	0	0	
2	0	0	0	0	0	
3	0	0	0	0	0	
4	0	0	0	0	0	
5	0	0	0	0	0	
6	0	0	0	0	1018	
7	0	0	0	0	1018	
8	0	0	0	0	1018	
9	0	0	0	0	1018	
10	0	0	0	0	1018	
11	0	0	0	0	1018	
12	0	0	0	0	1018	
13	0	0	0	0	1018	
14	0	0	0	0	0	
15	0	0	0	0	0	
0	0	0	0	0	0	
1	0	0	0	0	0	
2	0	0	0	0	0	
3	0	0	0	0	0	
4	0	0	0	0	0	
5	0	0	0	0	0	
6	0	0	0	0	0	
7	0	0	0	0	1018	
8	0	0	0	0	1018	
9	0	0	0	0	1018	
10	0	0	0	0	1018	
11	0	0	0	0	1018	
12	0	0	0	0	1018	
13	0	0	0	0	1018	
14	0	0	0	0	459	
15	0	0	0	0	0	
0	0	0	0	0	0	
1	0	0	0	0	0	
2	0	0	0	0	0	
3	0	0	0	0	0	
4	0	0	0	0	0	
5	0	0	0	0	0	
6	0	0	0	0	0	
7	0	0	0	0	0	
8	0	0	0	0	1018	
9	0	0	0	0	1019	
10	0	0	0	0	1019	
11	0	0	0	0	1018	
12	0	0	0	0	1018	
13	0	0	0	0	1018	
14	0	0	0	0	1018	
15	0	0	0	0	0	
0	0	0	0	0	0	
1	0	0	0	0	0	
2	0	0	0	0	0	
3	0	0	0	0	0	
4	0	0	0	0	0	
5	0	0	0	0	0	
6	0	0	0	0	0	
7	0	0	0	0	0	
8	0	0	0	0	1018	
9	0	0	0	0	1018	
10	0	0	0	0	1018	
11	0	0	0	0	1018	
12	0	0	0	0	1018	
13	0	0	0	0	1018	
14	0	0	0	0	1018	
15	0	0	0	0	1018	
0	0	0	0	0	0	
1	0	0	0	0	0	
2	0	0	0	0	0	
3	0	0	0	0	0	
4	0	0	0	0	0	
5	0	0	0	0	0	
6	0	0	0	0	0	
7	0	0	0	0	0	
8	0	0	0	0	0	
9	0	0	0	0	1018	
10	0	0	0	0	1018	
11	0	0	0	0	1018	
12	0	0	0	0	1018	
13	0	0	0	0	1018	
14	0	0	0	0	1018	
15	0	0	0	0	1018	
0	0	0	0	0	282	
1	0	0	0	0	0	
2	0	0	0	0	0	
3	0	0	0	0	0	
4	0	0	0	0	0	
5	0	0	0	0	0	
6	0	0	0	0	0	
7	0	0	0	0	0	
8	0	0	0	0	0	
9	0	0	0	0	0	
10	0	0	0	0	1018	
11	0	0	0	0	1018	
12	0	0	0	0	1018	
13	0	0	0	0	1018	
14	0	0	0	0	1018	
15	0	0	0	0	1018	
0	0	0	0	0	1018	
1	0	0	0	0	0	
2	0	0	0	0	0	
3	0	0	0	0	0	
4	0	0	0	0	0	
5	0	0	0	0	0	
6	0	0	0	0	0	
7	0	0	0	0	0	
8	0	0	0	0	0	
9	0	0	0	0	0	
10	0	0	0	0	1018	
11	0	0	0	0	1018	
12	0	0	0	0	1018	
13	0	0	0	0	1018	
14	0	0	0	0	1018	
15	0	0	0	0	1018	
0	0	0	0	0	1019	
1	0	0	0	0	1018	
2	0	0	0	0	0	
3	0	0	0	0	0	
4	0	0	0	0	0	
5	0	0	0	0	0	
6	0	0	0	0	0	
7	0	0	0	0	0	
8	0	0	0	0	0	
9	0	0	0	0	0	
10	0	0	0	0	0	
11	0	0	0	0	1018	
12	0	0	0	0	1018	
13	0	0	0	0	1018	
14	0	0	0	0	1018	
15	0	0	0	0	1018	
0	0	0	0	0	1018	
1	0	0	0	0	1018	
2	0	0	0	0	1018	
3	0	0	0	0	0	
4	0	0	0	0	0	
5	0	0	0	0	0	
6	0	0	0	0	0	
7	0	0	0	0	0	
8	0	0	0	0	0	
9	0	0	0	0	0	
10	0	0	0	0	0	
11	0	0	0	0	0	
12	0	0	0	0	1018	
13	0	0	0	0	1018	
14	0	0	0	0	1018	
15	0	0	0	0	1018	
0	0	0	0	0	1018	
1	0	0	0	0	1018	
2	0	0	0	0	1018	
3	0	0	0	0	0	
4	0	0	0	0	0	
5	0	0	0	0	0	
6	0	0	0	0	0	
7	0	0	0	0	0	
8	0	0	0	0	0	
9	0	0	0	0	0	
10	0	0	0	0	0	
11	0	0	0	0	0	
12	0	0	0	0	731	
13	0	0	0	0	1018	
14	0	0	0	0	1018	
15	0	0	0	0	1018	
0	0	0	0	0	1018	
1	0	0	0	0	1018	
2	0	0	0	0	1018	
3	0	0	0	0	1018	
4	0	0	0	0	0	
5	0	0	0	0	0	
6	0	0	0	0	0	
7	0	0	0	0	0	
8	0	0	0	0	0	
9	0	0	0	0	0	
10	0	0	0	0	0	
11	0	0	0	0	0	
12	0	0	0	0	0	
13	0	0	0	0	1018	
14	0	0	0	0	1018	
15	0	0	0	0	1018	
0	0	0	0	0	1018	
1	0	0	0	0	1019	
2	0	0	0	0	1018	
3	0	0	0	0	1018	
4	0	0	0	0	1017	
5	0	0	0	0	0	
6	0	0	0	0	0	
7	0	0	0	0	0	
8	0	0	0	0	0	
9	0	0	0	0	0	
10	0	0	0	0	0	
11	0	0	0	0	0	
12	0	0	0	0	0	
13	0	0	0	0	0	
14	0	0	0	0	1018	
15	0	0	0	0	1019	
0	0	0	0	0	1018	
1	0	0	0	0	1018	
2	0	0	0	0	1018	
3	0	0	0	0	1018	
4	0	0	0	0	1018	
5	0	0	0	0	0	
6	0	0	0	0	0	
7	0	0	0	0	0	
8	0	0	0	0	0	
9	0	0	0	0	0	
10	0	0	0	0	0	
11	0	0	0	0	0	
12	0	0	0	0	0	
13	0	0	0	0	0	
14	0	0	0	0	717	
15	0	0	0	0	1018	
0	0	0	0	0	1018	
1	0	0	0	0	1018	
2	0	0	0	0	1018	
3	0	0	0	0	1018	
4	0	0	0	0	1018	
5	0	0	0	0	1018	
6	0	0	0	0	0	
7	0	0	0	0	0	
8	0	0	0	0	0	
9	0	0	0	0	0	
10	0	0	0	0	0	
11	0	0	0	0	0	
12	0	0	0	0	0	
13	0	0	0	0	0	
14	0	0	0	0	0	
15	0	0	0	0	1019	
0	0	0	0	0	1018	
1	0	0	0	0	1018	
2	0	0	0	0	1018	
3	0	0	0	0	1018	
4	0	0	0	0	1018	
5	0	0	0	0	1018	
6	0	0	0	0	1018	
7	0	0	0	0	0	
8	0	0	0	0	0	
9	0	0	0	0	0	
10	0	0	0	0	0	
11	0	0	0	0	0	
12	0	0	0	0	0	
13	0	0	0	0	0	
14	0	0	0	0	0	
15	0	0	0	0	0	
0	0	0	0	0	1018	
1	0	0	0	0	1018	
2	0	0	0	0	1018	
3	0	0	0	0	1018	
4	0	0	0	0	1018	
5	0	0	0	0	1018	
6	0	0	0	0	1018	
7	0	0	0	0	0	
8	0	0	0	0	0	
9	0	0	0	0	0	
10	0	0	0	0	0	
11	0	0	0	0	0	
12	0	0	0	0	0	
13	0	0	0	0	0	
14	0	0	0	0	0	
15	0	0	0	0	0	
0	0	0	0	0	0	
1	0	0	0	0	1018	
2	0	0	0	0	1018	
3	0	0	0	0	1018	
4	0	0	0	0	1018	
5	0	0	0	0	1018	
6	0	0	0	0	1018	
7	0	0	0	0	1018	
8	0	0	0	0	0	
9	0	0	0	0	0	
10	0	0	0	0	0	
11	0	0	0	0	0	
12	0	0	0	0	0	
13	0	0	0	0	0	
14	0	0	0	0	0	
15	0	0	0	0	0	
0	0	0	0	0	0	
1	0	0	0	0	1018	
2	0	0	0	0	1018	
3	0	0	0	0	1018	
4	0	0	0	0	1018	
5	0	0	0	0	1018	
6	0	0	0	0	1018	
7	0	0	0	0	1018	
8	0	0	0	0	1018	
9	0	0	0	0	0	
10	0	0	0	0	0	
11	0	0	0	0	0	
12	0	0	0	0	0	
13	0	0	0	0	0	
14	0	0	0	0	0	
15	0	0	0	0	0	
0	0	0	0	0	0	
1	0	0	0	0	0	
2	0	0	0	0	1018	
3	0	0	0	0	1018	
4	0	0	0	0	1018	
5	0	0	0	0	1019	
6	0	0	0	0	1018	
7	0	0	0	0	1018	
8	0	0	0	0	1018	
9	0	0	0	0	0	
10	0	0	0	0	0	
11	0	0	0	0	0	
12	0	0	0	0	0	
13	0	0	0	0	0	
14	0	0	0	0	0	
15	0	0	0	0	0	
0	0	0	0	0	0	
1	0	0	0	0	0	
2	0	0	0	0	0	
3	0	0	0	0	1018	
4	0	0	0	0	1018	
5	0	0	0	0	1018	
6	0	0	0	0	1018	
7	0	0	0	0	1018	
8	0	0	0	0	1018	
9	0	0	0	0	1018	
10	0	0	0	0	0	
11	0	0	0	0	0	
12	0	0	0	0	0	
13	0	0	0	0	0	
14	0	0	0	0	0	
15	0	0	0	0	0	
0	0	0	0	0	0	
1	0	0	0	0	0	
2	0	0	0	0	0	
3	0	0	0	0	1018	
4	0	0	0	0	1018	
5	0	0	0	0	1018	
6	0	0	0	0	1018	
7	0	0	0	0	1018	
8	0	0	0	0	1018	
9	0	0	0	0	1018	
10	0	0	0	0	1018	
11	0	0	0	0	0	
12	0	0	0	0	0	
13	0	0	0	0	0	
14	0	0	0	0	0	
15	0	0	0	0	0	
0	0	0	0	0	0	
1	0	0	0	0	0	
2	0	0	0	0	0	
3	0	0	0	0	0	
4	0	0	0	0	1018	
5	0	0	0	0	1018	
6	0	0	0	0	1018	
7	0	0	0	0	1019	
8	0	0	0	0	1018	
9	0	0	0	0	1018	
10	0	0	0	0	1018	
11	0	0	0	0	1017	
12	0	0	0	0	0	
13	0	0	0	0	0	
14	0	0	0	0	0	
15	0	0	0	0	0	
0	0	0	0	0	0	
1	0	0	0	0	0	
2	0	0	0	0	0	
3	0	0	0	0	0	
4	0	0	0	0	0	
5	0	0	0	0	1019	
6	0	0	0	0	1018	
7	0	0	0	0	1018	
8	0	0	0	0	1018	
9	0	0	0	0	1018	
10	0	0	0	0	1019	
11	0	0	0	0	1018	
12	0	0	0	0	0	
13	0	0	0	0	0	
14	0	0	0	0	0	
15	0	0	0	0	0	
0	0	0	0	0	0	
1	0	0	0	0	0	
2	0	0	0	0	0	
3	0	0	0	0	0	
4	0	0	0	0	0	
5	0	0	0	0	1018	
6	0	0	0	0	1018	
7	0	0	0	0	1018	
8	0	0	0	0	1018	
9	0	0	0	0	1018	
10	0	0	0	0	1019	
11	0	0	0	0	1018	
12	0	0	0	0	1018	
13	0	0	0	0	0	
14	0	0	0	0	0	
15	0	0	0	0	0	
0	0	0	0	0	0	
1	0	0	0	0	0	
2	0	0	0	0	0	
3	0	0	0	0	0	
4	0	0	0	0	0	
5	0	0	0	0	0	
6	0	0	0	0	1018	
7	0	0	0	0	1018	
8	0	0	0	0	1019	
9	0	0	0	0	1018	
10	0	0	0	0	1018	
11	0	0	0	0	1018	
12	0	0	0	0	1018	
13	0	0	0	0	1018	
14	0	0	0	0	0	
15	0	0	0	0	0	
0	0	0	0	0	0	
1	0	0	0	0	0	
2	0	0	0	0	0	
3	0	0	0	0	0	
4	0	0	0	0	0	
5	0	0	0	0	0	
6	0	0	0	0	0	
7	0	0	0	0	1019	
8	0	0	0	0	1018	
9	0	0	0	0	1018	
10	0	0	0	0	1018	
11	0	0	0	0	1018	
12	0	0	0	0	1018	
13	0	0	0	0	1018	
14	0	0	0	0	0	
15	0	0	0	0	0	
0	0	0	0	0	0	
1	0	0	0	0	0	
2	0	0	0	0	0	
3	0	0	0	0	0	
4	0	0	0	0	0	
5	0	0	0	0	0	
6	0	0	0	0	0	
7	0	0	0	0	839	
8	0	0	0	0	1018	
9	0	0	0	0	1018	
10	0	0	0	0	1019	
11	0	0	0	0	1018	
12	0	0	0	0	1018	
13	0	0	0	0	1018	
14	0	0	0	0	1018	
15	0	0	0	0	0	
0	0	0	0	0	0	
1	0	0	0	0	0	
2	0	0	0	0	0	
3	0	0	0	0	0	
4	0	0	0	0	0	
5	0	0	0	0	0	
6	0	0	0	0	0	
7	0	0	0	0	0	
8	0	0	0	0	1018	
9	0	0	0	0	1018	
10	0	0	0	0	1018	
11	0	0	0	0	1018	
12	0	0	0	0	1019	
13	0	0	0	0	1018	
14	0	0	0	0	1019	
15	0	0	0	0	1018	
0	0	0	0	0	0	
1	0	0	0	0	0	
2	0	0	0	0	0	
3	0	0	0	0	0	
4	0	0	0	0	0	
5	0	0	0	0	0	
6	0	0	0	0	0	
7	0	0	0	0	0	
8	0	0	0	0	0	
9	0	0	0	0	1018	
10	0	0	0	0	1018	
11	0	0	0	0	1018	
12	0	0	0	0	1018	
13	0	0	0	0	1018	
14	0	0	0	0	1018	
15	0	0	0	0	1019	
0	0	0	0	0	0	
1	0	0	0	0	0	
2	0	0	0	0	0	
3	0	0	0	0	0	
4	0	0	0	0	0	
5	0	0	0	0	0	
6	0	0	0	0	0	
7	0	0	0	0	0	
8	0	0	0	0	0	
9	0	0	0	0	0	
10	0	0	0	0	1018	
11	0	0	0	0	1018	
12	0	0	0	0	1018	
13	0	0	0	0	1018	
14	0	0	0	0	1018	
15	0	0	0	0	1018	
0	0	0	0	0	1018	
1	0	0	0	0	0	
2	0	0	0	0	0	
3	0	0	0	0	0	
4	0	0	0	0	0	
5	0	0	0	0	0	
6	0	0	0	0	0	
7	0	0	0	0	0	
8	0	0	0	0	0	
9	0	0	0	0	0	
10	0	0	0	0	1018	
11	0	0	0	0	1018	
12	0	0	0	0	1018	
13	0	0	0	0	1018	
14	0	0	0	0	1018	
15	0	0	0	0	1018	
0	0	0	0	0	1018	
1	0	0	0	0	1019	
2	0	0	0	0	0	
3	0	0	0	0	0	
4	0	0	0	0	0	
5	0	0	0	0	0	
6	0	0	0	0	0	
7	0	0	0	0	0	
8	0	0	0	0	0	
9	0	0	0	0	0	
10	0	0	0	0	0	
11	0	0	0	0	1018	
12	0	0	0	0	1018	
13	0	0	0	0	1018	
14	0	0	0	0	1018	
15	0	0	0	0	1019	
0	0	0	0	0	1018	
1	0	0	0	0	1018	
2	0	0	0	0	1018	
3	0	0	0	0	0	
4	0	0	0	0	0	
5	0	0	0	0	0	
6	0	0	0	0	0	
7	0	0	0	0	0	
8	0	0	0	0	0	
9	0	0	0	0	0	
10	0	0	0	0	0	
11	0	0	0	0	0	
12	0	0	0	0	1018	
13	0	0	0	0	1018	
14	0	0	0	0	1018	
15	0	0	0	0	1018	
0	0	0	0	0	1018	
1	0	0	0	0	1018	
2	0	0	0	0	1018	
3	0	0	0	0	1018	
4	0	0	0	0	0	
5	0	0	0	0	0	
6	0	0	0	0	0	
7	0	0	0	0	0	
8	0	0	0	0	0	
9	0	0	0	0	0	
10	0	0	0	0	0	
11	0	0	0	0	0	
12	0	0	0	0	0	
13	0	0	0	0	1018	
14	0	0	0	0	1018	
15	0	0	0	0	1019	
0	0	0	0	0	1018	
1	0	0	0	0	1018	
2	0	0	0	0	1018	
3	0	0	0	0	1018	
4	0	0	0	0	0	
5	0	0	0	0	0	
6	0	0	0	0	0	
7	0	0	0	0	0	
8	0	0	0	0	0	
9	0	0	0	0	0	
10	0	0	0	0	0	
11	0	0	0	0	0	
12	0	0	0	0	0	
13	0	0	0	0	0	
14	0	0	0	0	1018	
15	0	0	0	0	1018	
0	0	0	0	0	1018	
1	0	0	0	0	1018	
2	0	0	0	0	1018	
3	0	0	0	0	1018	
4	0	0	0	0	1018	
5	0	0	0	0	0	
6	0	0	0	0	0	
7	0	0	0	0	0	
8	0	0	0	0	0	
9	0	0	0	0	0	
10	0	0	0	0	0	
11	0	0	0	0	0	
12	0	0	0	0	0	
13	0	0	0	0	0	
14	0	0	0	0	1018	
15	0	0	0	0	1018	
0	0	0	0	0	1018	
1	0	0	0	0	1018	
2	0	0	0	0	1018	
3	0	0	0	0	1018	
4	0	0	0	0	1018	
5	0	0	0	0	1018	
6	0	0	0	0	0	
7	0	0	0	0	0	
8	0	0	0	0	0	
9	0	0	0	0	0	
10	0	0	0	0	0	
11	0	0	0	0	0	
12	0	0	0	0	0	
13	0	0	0	0	0	
14	0	0	0	0	0	
15	0	0	0	0	887	
0	0	0	0	0	1018	
1	0	0	0	0	1018	
2	0	0	0	0	1018	
3	0	0	0	0	1018	
4	0	0	0	0	1018	
5	0	0	0	0	1018	
6	0	0	0	0	1018	
7	0	0	0	0	0	
8	0	0	0	0	0	
9	0	0	0	0	0	
10	0	0	0	0	0	
11	0	0	0	0	0	
12	0	0	0	0	0	
13	0	0	0	0	0	
14	0	0	0	0	0	
15	0	0	0	0	0	
0	0	0	0	0	1018	
1	0	0	0	0	1018	
2	0	0	0	0	1018	
3	0	0	0	0	1018	
4	0	0	0	0	1018	
5	0	0	0	0	1019	
6	0	0	0	0	1018	
7	0	0	0	0	1018	
8	0	0	0	0	0	
9	0	0	0	0	0	
10	0	0	0	0	0	
11	0	0	0	0	0	
12	0	0	0	0	0	
13	0	0	0	0	0	
14	0	0	0	0	0	
15	0	0	0	0	0	
0	0	0	0	0	0	
1	0	0	0	0	1018	
2	0	0	0	0	1019	
3	0	0	0	0	1018	
4	0	0	0	0	1018	
5	0	0	0	0	1018	
6	0	0	0	0	1018	
7	0	0	0	0	1018	
8	0	0	0	0	0	
9	0	0	0	0	0	
10	0	0	0	0	0	
11	0	0	0	0	0	
12	0	0	0	0	0	
13	0	0	0	0	0	
14	0	0	0	0	0	
15	0	0	0	0	0	
0	0	0	0	0	0	
1	0	0	0	0	1018	
2	0	0	0	0	1018	
3	0	0	0	0	1018	
4	0	0	0	0	1018	
5	0	0	0	0	1018	
6	0	0	0	0	1018	
7	0	0	0	0	1018	
8	0	0	0	0	1018	
9	0	0	0	0	0	
10	0	0	0	0	0	
11	0	0	0	0	0	
12	0	0	0	0	0	
13	0	0	0	0	0	
14	0	0	0	0	0	
15	0	0	0	0	0	
0	0	0	0	0	0	
1	0	0	0	0	0	
2	0	0	0	0	1018	
3	0	0	0	0	1018	
4	0	0	0	0	1018	
5	0	0	0	0	1018	
6	0	0	0	0	1019	
7	0	0	0	0	1018	
8	0	0	0	0	1018	
9	0	0	0	0	0	
10	0	0	0	0	0	
11	0	0	0	0	0	
12	0	0	0	0	0	
13	0	0	0	0	0	
14	0	0	0	0	0	
15	0	0	0	0	0	
0	0	0	0	0	0	
1	0	0	0	0	0	
2	0	0	0	0	1018	
3	0	0	0	0	1018	
4	0	0	0	0	1018	
5	0	0	0	0	1018	
6	0	0	0	0	1018	
7	0	0	0	0	1018	
8	0	0	0	0	1018	
9	0	0	0	0	1018	
10	0	0	0	0	0	
11	0	0	0	0	0	
12	0	0	0	0	0	
13	0	0	0	0	0	
14	0	0	0	0	0	
15	0	0	0	0	0	
0	0	0	0	0	0	
1	0	0	0	0	0	
2	0	0	0	0	0	
3	0	0	0	0	1018	
4	0	0	0	0	1018	
5	0	0	0	0	1018	
6	0	0	0	0	1018	
7	0	0	0	0	1018	
8	0	0	0	0	1018	
9	0	0	0	0	1018	
10	0	0	0	0	1018	
11	0	0	0	0	0	
12	0	0	0	0	0	
13	0	0	0	0	0	
14	0	0	0	0	0	
15	0	0	0	0	0	
0	0	0	0	0	0	
1	0	0	0	0	0	
2	0	0	0	0	0	
3	0	0	0	0	0	
4	0	0	0	0	1018	
5	0	0	0	0	1018	
6	0	0	0	0	1018	
7	0	0	0	0	1018	
8	0	0	0	0	1018	
9	0	0	0	0	1018	
10	0	0	0	0	1018	
11	0	0	0	0	0	
12	0	0	0	0	0	
13	0	0	0	0	0	
14	0	0	0	0	0	
15	0	0	0	0	0	
0	0	0	0	0	0	
1	0	0	0	0	0	
2	0	0	0	0	0	
3	0	0	0	0	0	
4	0	0	0	0	1018	
5	0	0	0	0	1018	
6	0	0	0	0	1018	
7	0	0	0	0	1018	
8	0	0	0	0	1018	
9	0	0	0	0	1018	
10	0	0	0	0	1018	
11	0	0	0	0	1018	
12	0	0	0	0	0	
13	0	0	0	0	0	
14	0	0	0	0	0	
15	0	0	0	0	0	
0	0	0	0	0	0	
1	0	0	0	0	0	
2	0	0	0	0	0	
3	0	0	0	0	0	
4	0	0	0	0	0	
5	0	0	0	0	1018	
6	0	0	0	0	1018	
7	0	0	0	0	1019	
8	0	0	0	0	1018	
9	0	0	0	0	1018	
10	0	0	0	0	1018	
11	0	0	0	0	1018	
12	0	0	0	0	1018	
13	0	0	0	0	0	
14	0	0	0	0	0	
15	0	0	0	0	0	
0	0	0	0	0	0	
1	0	0	0	0	0	
2	0	0	0	0	0	
3	0	0	0	0	0	
4	0	0	0	0	0	
5	0	0	0	0	0	
6	0	0	0	0	1018	
7	0	0	0	0	1018	
8	0	0	0	0	1018	
9	0	0	0	0	1018	
10	0	0	0	0	1018	
11	0	0	0	0	1018	
12	0	0	0	0	1018	
13	0	0	0	0	0	
14	0	0	0	0	0	
15	0	0	0	0	0	
0	0	0	0	0	0	
1	0	0	0	0	0	
2	0	0	0	0	0	
3	0	0	0	0	0	
4	0	0	0	0	0	
5	0	0	0	0	0	
6	0	0	0	0	1018	
7	0	0	0	0	1018	
8	0	0	0	0	1019	
9	0	0	0	0	1018	
10	0	0	0	0	1018	
11	0	0	0	0	1018	
12	0	0	0	0	1018	
13	0	0	0	0	1018	
14	0	0	0	0	0	
15	0	0	0	0	0	
0	0	0	0	0	0	
1	0	0	0	0	0	
2	0	0	0	0	0	
3	0	0	0	0	0	
4	0	0	0	0	0	
5	0	0	0	0	0	
6	0	0	0	0	0	
7	0	0	0	0	1018	
8	0	0	0	0	1018	
9	0	0	0	0	1018	
10	0	0	0	0	1018	
11	0	0	0	0	1018	
12	0	0	0	0	1018	
13	0	0	0	0	1018	
14	0	0	0	0	0	
15	0	0	0	0	0	
0	0	0	0	0	0	
1	0	0	0	0	0	
2	0	0	0	0	0	
3	0	0	0	0	0	
4	0	0	0	0	0	
5	0	0	0	0	0	
6	0	0	0	0	0	
7	0	0	0	0	5	
8	0	0	0	0	1018	
9	0	0	0	0	1018	
10	0	0	0	0	1018	
11	0	0	0	0	1018	
12	0	0	0	0	1018	
13	0	0	0	0	1018	
14	0	0	0	0	1018	
15	0	0	0	0	0	
0	0	0	0	0	0	
1	0	0	0	0	0	
